1 4
37 4
109 4
361 4
757 4
1009 4
1225 4
1369 4
1405 4
1765 4
2377 4
2593 4
2 8
29 8
65 8
74 8
218 8
425 8
533 8
569 8
722 8
1217 8
1289 8
1514 8
2018 8
2081 8
2450 8
2738 8
2801 8
1 12
5 12
13 12
17 12
25 12
37 12
49 12
61 12
73 12
89 12
101 12
145 12
157 12
221 12
233 12
245 12
257 12
269 12
313 12
325 12
353 12
397 12
409 12
509 12
521 12
593 12
605 12
661 12
761 12
773 12
785 12
797 12
809 12
829 12
929 12
985 12
1013 12
1025 12
1181 12
1189 12
1193 12
1201 12
1213 12
1277 12
1573 12
1601 12
1685 12
1697 12
1741 12
1753 12
1765 12
1777 12
1853 12
1865 12
1937 12
1949 12
1961 12
1993 12
2005 12
2105 12
2117 12
2245 12
2257 12
2509 12
2597 12
2609 12
2621 12
2777 12
2789 12
4 16
49 16
58 16
121 16
130 16
148 16
229 16
436 16
445 16
625 16
850 16
949 16
1066 16
1138 16
1444 16
1993 16
2434 16
2578 16
5 20
41 20
185 20
293 20
401 20
545 20
617 20
1013 20
1049 20
1301 20
1805 20
2273 20
1 24
2 24
10 24
13 24
17 24
25 24
26 24
34 24
41 24
49 24
50 24
73 24
74 24
97 24
98 24
101 24
122 24
125 24
146 24
149 24
173 24
178 24
197 24
202 24
221 24
241 24
265 24
290 24
314 24
325 24
349 24
353 24
409 24
433 24
442 24
461 24
466 24
490 24
514 24
521 24
538 24
545 24
605 24
613 24
626 24
629 24
637 24
650 24
661 24
706 24
761 24
785 24
794 24
809 24
818 24
829 24
833 24
853 24
857 24
881 24
937 24
1018 24
1042 24
1165 24
1186 24
1189 24
1210 24
1322 24
1421 24
1522 24
1525 24
1546 24
1570 24
1594 24
1618 24
1658 24
1669 24
1693 24
1717 24
1753 24
1777 24
1858 24
1865 24
1889 24
1913 24
1970 24
2026 24
2050 24
2057 24
2173 24
2197 24
2257 24
2281 24
2285 24
2305 24
2309 24
2329 24
2362 24
2378 24
2386 24
2402 24
2426 24
2509 24
2597 24
2789 24
25 28
61 28
205 28
277 28
349 28
421 28
493 28
529 28
673 28
745 28
853 28
925 28
1033 28
1069 28
1573 28
1609 28
1933 28
2041 28
2113 28
2437 28
8 32
17 32
53 32
98 32
116 32
197 32
242 32
260 32
296 32
305 32
458 32
701 32
809 32
872 32
890 32
1061 32
1250 32
1700 32
1898 32
1961 32
2132 32
2141 32
2276 32
1 36
9 36
13 36
29 36
37 36
49 36
85 36
113 36
121 36
149 36
169 36
205 36
245 36
281 36
289 36
317 36
333 36
337 36
421 36
449 36
457 36
485 36
493 36
529 36
533 36
565 36
601 36
617 36
625 36
653 36
689 36
757 36
793 36
905 36
925 36
961 36
981 36
1037 36
1073 36
1093 36
1117 36
1153 36
1345 36
1373 36
1381 36
1409 36
1513 36
1549 36
1681 36
1717 36
1741 36
1777 36
1865 36
1901 36
1937 36
1973 36
2009 36
2017 36
2053 36
2137 36
2401 36
2437 36
2525 36
2561 36
2597 36
2633 36
2669 36
10 40
73 40
82 40
145 40
325 40
361 40
370 40
586 40
802 40
901 40
1090 40
1234 40
1261 40
1693 40
2026 40
2089 40
2098 40
2125 40
2665 40
2845 40
65 44
137 44
245 44
317 44
353 44
389 44
461 44
569 44
821 44
1145 44
1649 44
2081 44
2117 44
2225 44
2333 44
2657 44
1 48
2 48
4 48
5 48
13 48
20 48
26 48
34 48
41 48
49 48
50 48
52 48
53 48
68 48
82 48
89 48
97 48
98 48
100 48
101 48
125 48
145 48
146 48
148 48
173 48
181 48
194 48
196 48
202 48
229 48
244 48
250 48
257 48
265 48
292 48
298 48
313 48
346 48
349 48
356 48
394 48
404 48
433 48
442 48
461 48
481 48
482 48
509 48
530 48
565 48
580 48
628 48
629 48
650 48
698 48
706 48
761 48
785 48
818 48
833 48
866 48
881 48
884 48
922 48
932 48
965 48
980 48
1013 48
1021 48
1028 48
1042 48
1049 48
1069 48
1076 48
1090 48
1097 48
1105 48
1153 48
1181 48
1210 48
1226 48
1229 48
1252 48
1258 48
1274 48
1277 48
1300 48
1321 48
1322 48
1325 48
1373 48
1412 48
1421 48
1522 48
1525 48
1553 48
1570 48
1573 48
1588 48
1618 48
1621 48
1636 48
1658 48
1666 48
1669 48
1706 48
1714 48
1762 48
1805 48
1853 48
1865 48
1874 48
1913 48
1945 48
1961 48
2036 48
2084 48
2113 48
2161 48
2197 48
2209 48
2245 48
2281 48
2329 48
2330 48
2372 48
2378 48
2420 48
2501 48
2549 48
2597 48
2644 48
2645 48
2693 48
13 52
49 52
337 52
481 52
769 52
1417 52
1669 52
2389 52
2425 52
5 56
50 56
113 56
122 56
149 56
221 56
257 56
410 56
554 56
617 56
653 56
698 56
797 56
842 56
905 56
941 56
977 56
986 56
1013 56
1058 56
1193 56
1346 56
1490 56
1517 56
1553 56
1706 56
1850 56
1949 56
1985 56
2057 56
2066 56
2138 56
2381 56
1 60
5 60
25 60
49 60
53 60
65 60
85 60
109 60
113 60
125 60
137 60
169 60
185 60
245 60
305 60
361 60
365 60
389 60
421 60
445 60
449 60
505 60
613 60
641 60
701 60
725 60
785 60
949 60
977 60
1009 60
1037 60
1105 60
1165 60
1181 60
1225 60
1241 60
1285 60
1313 60
1345 60
1369 60
1373 60
1429 60
1537 60
1565 60
1621 60
1625 60
1681 60
1693 60
1753 60
1765 60
1813 60
1873 60
1877 60
1889 60
1933 60
1985 60
2045 60
2153 60
2161 60
2237 60
2381 60
2545 60
2605 60
16 64
34 64
106 64
196 64
205 64
232 64
313 64
394 64
421 64
484 64
520 64
592 64
610 64
916 64
961 64
1213 64
1402 64
1429 64
1618 64
1744 64
1780 64
2122 64
2401 64
2500 64
17 68
89 68
305 68
593 68
629 68
953 68
1097 68
1277 68
1421 68
1601 68
1853 68
2069 68
2 72
18 72
25 72
26 72
29 72
49 72
58 72
74 72
98 72
101 72
121 72
170 72
173 72
193 72
205 72
226 72
233 72
242 72
245 72
261 72
277 72
289 72
298 72
305 72
317 72
338 72
349 72
389 72
410 72
421 72
457 72
485 72
490 72
541 72
545 72
557 72
562 72
578 72
585 72
613 72
617 72
634 72
666 72
674 72
689 72
761 72
809 72
842 72
877 72
898 72
914 72
949 72
970 72
986 72
1058 72
1066 72
1073 72
1130 72
1145 72
1157 72
1202 72
1229 72
1234 72
1250 72
1306 72
1378 72
1381 72
1409 72
1421 72
1453 72
1465 72
1481 72
1493 72
1514 72
1525 72
1537 72
1565 72
1586 72
1597 72
1717 72
1801 72
1810 72
1850 72
1865 72
1873 72
1922 72
1937 72
1962 72
1997 72
2009 72
2053 72
2069 72
2074 72
2137 72
2146 72
2186 72
2234 72
2257 72
2306 72
2333 72
2405 72
2525 72
2597 72
2669 72
2741 72
181 76
757 76
901 76
937 76
1693 76
2053 76
2161 76
2197 76
2701 76
20 80
146 80
164 80
245 80
281 80
290 80
317 80
605 80
650 80
722 80
740 80
1145 80
1172 80
1469 80
1604 80
1613 80
1802 80
2009 80
2180 80
2225 80
3125 80
13 84
17 84
25 84
29 84
37 84
53 84
61 84
65 84
73 84
97 84
109 84
113 84
121 84
145 84
149 84
157 84
193 84
197 84
205 84
229 84
233 84
241 84
277 84
281 84
289 84
293 84
317 84
325 84
361 84
365 84
373 84
409 84
425 84
449 84
457 84
493 84
509 84
521 84
541 84
593 84
601 84
605 84
625 84
673 84
677 84
685 84
689 84
757 84
761 84
769 84
773 84
845 84
853 84
857 84
865 84
901 84
941 84
949 84
977 84
985 84
1025 84
1033 84
1069 84
1073 84
1109 84
1117 84
1129 84
1153 84
1157 84
1201 84
1213 84
1217 84
1237 84
1261 84
1285 84
1301 84
1321 84
1345 84
1385 84
1405 84
1429 84
1433 84
1469 84
1489 84
1513 84
1517 84
1525 84
1553 84
1597 84
1601 84
1609 84
1613 84
1637 84
1681 84
1693 84
1721 84
1777 84
1805 84
1861 84
1877 84
1889 84
1901 84
1913 84
1921 84
1945 84
1961 84
1973 84
1997 84
2005 84
2041 84
2045 84
2053 84
2057 84
2081 84
2089 84
2129 84
2137 84
2141 84
2165 84
2173 84
2213 84
2221 84
2225 84
2257 84
2269 84
2273 84
2297 84
2309 84
2341 84
2353 84
2357 84
2441 84
2525 84
2621 84
49 88
130 88
157 88
193 88
265 88
274 88
373 88
481 88
490 88
634 88
697 88
706 88
778 88
841 88
922 88
949 88
1138 88
1201 88
1345 88
1597 88
1642 88
2029 88
2209 88
2245 88
2290 88
257 92
365 92
401 92
833 92
1157 92
1373 92
1445 92
2165 92
2417 92
2 96
4 96
5 96
8 96
10 96
26 96
40 96
49 96
52 96
68 96
73 96
82 96
98 96
100 96
101 96
104 96
106 96
136 96
145 96
164 96
173 96
178 96
194 96
196 96
200 96
202 96
241 96
250 96
257 96
269 96
290 96
292 96
296 96
313 96
346 96
349 96
362 96
388 96
392 96
404 96
409 96
445 96
458 96
481 96
488 96
500 96
514 96
530 96
541 96
565 96
577 96
584 96
593 96
596 96
626 96
637 96
689 96
692 96
698 96
712 96
733 96
745 96
761 96
788 96
808 96
829 96
841 96
857 96
866 96
884 96
901 96
922 96
937 96
962 96
964 96
997 96
1018 96
1033 96
1060 96
1097 96
1129 96
1130 96
1160 96
1181 96
1225 96
1229 96
1256 96
1258 96
1300 96
1325 96
1396 96
1412 96
1421 96
1429 96
1489 96
1517 96
1522 96
1570 96
1613 96
1636 96
1657 96
1666 96
1685 96
1732 96
1753 96
1762 96
1768 96
1769 96
1781 96
1825 96
1844 96
1853 96
1864 96
1865 96
1921 96
1930 96
1949 96
1960 96
2017 96
2026 96
2042 96
2056 96
2084 96
2098 96
2117 96
2138 96
2152 96
2180 96
2194 96
2210 96
2213 96
2306 96
2309 96
2362 96
2405 96
2452 96
2458 96
2501 96
2504 96
2554 96
2600 96
2609 96
2642 96
25 100
205 100
277 100
457 100
529 100
709 100
925 100
1213 100
1321 100
1465 100
2005 100
2293 100
2401 100
2725 100
26 104
98 104
377 104
521 104
593 104
674 104
845 104
881 104
962 104
1097 104
1538 104
1637 104
2105 104
2285 104
9 108
13 108
29 108
45 108
49 108
73 108
97 108
117 108
137 108
153 108
181 108
185 108
205 108
225 108
241 108
245 108
269 108
293 108
313 108
333 108
353 108
377 108
401 108
421 108
441 108
509 108
529 108
549 108
577 108
617 108
637 108
657 108
661 108
685 108
725 108
769 108
793 108
801 108
857 108
909 108
997 108
1021 108
1105 108
1189 108
1193 108
1277 108
1301 108
1305 108
1413 108
1609 108
1637 108
1781 108
1813 108
1901 108
1921 108
1945 108
1949 108
1989 108
2005 108
2009 108
2097 108
2113 108
2117 108
2225 108
2309 108
2561 108
2861 108
3125 108
1 112
10 112
37 112
100 112
109 112
145 112
226 112
244 112
298 112
433 112
442 112
505 112
514 112
793 112
820 112
829 112
865 112
1108 112
1117 112
1189 112
1234 112
1306 112
1396 112
1405 112
1513 112
1594 112
1684 112
1801 112
1810 112
1882 112
1945 112
1954 112
1972 112
2026 112
2116 112
2197 112
29 116
173 116
245 116
1073 116
1145 116
1289 116
1937 116
1 120
2 120
5 120
10 120
29 120
49 120
50 120
65 120
85 120
98 120
106 120
121 120
125 120
130 120
149 120
170 120
205 120
218 120
226 120
245 120
250 120
274 120
281 120
338 120
365 120
370 120
373 120
401 120
449 120
485 120
490 120
505 120
569 120
610 120
625 120
637 120
701 120
709 120
722 120
730 120
745 120
757 120
778 120
821 120
833 120
842 120
865 120
890 120
898 120
941 120
953 120
985 120
1009 120
1010 120
1073 120
1105 120
1129 120
1205 120
1226 120
1241 120
1282 120
1297 120
1325 120
1373 120
1402 120
1450 120
1453 120
1493 120
1570 120
1573 120
1625 120
1649 120
1681 120
1693 120
1745 120
1765 120
1769 120
1801 120
1813 120
1877 120
1898 120
1921 120
1954 120
1997 120
2018 120
2041 120
2045 120
2074 120
2117 120
2165 120
2210 120
2305 120
2330 120
2381 120
2450 120
2570 120
2690 120
121 124
157 124
193 124
229 124
337 124
481 124
661 124
733 124
1489 124
1741 124
1921 124
2173 124
32 128
68 128
149 128
185 128
212 128
221 128
392 128
410 128
464 128
626 128
725 128
788 128
833 128
842 128
968 128
977 128
1040 128
1184 128
1220 128
1301 128
1481 128
1733 128
1832 128
1913 128
1922 128
2165 128
2273 128
5 132
13 132
49 132
89 132
97 132
109 132
113 132
125 132
145 132
181 132
229 132
241 132
245 132
257 132
265 132
293 132
313 132
349 132
373 132
377 132
397 132
425 132
433 132
481 132
505 132
509 132
545 132
565 132
569 132
601 132
637 132
677 132
697 132
701 132
733 132
769 132
797 132
833 132
845 132
853 132
881 132
901 132
965 132
985 132
1021 132
1025 132
1097 132
1153 132
1157 132
1189 132
1285 132
1321 132
1385 132
1405 132
1417 132
1469 132
1481 132
1489 132
1517 132
1525 132
1601 132
1609 132
1613 132
1721 132
1741 132
1745 132
1853 132
1861 132
1873 132
1877 132
1993 132
2005 132
2029 132
2137 132
2161 132
2477 132
2897 132
3029 132
34 136
97 136
178 136
493 136
610 136
745 136
1105 136
1186 136
1258 136
1465 136
1753 136
1906 136
1933 136
2113 136
2257 136
125 140
197 140
269 140
305 140
593 140
629 140
809 140
953 140
1025 140
1061 140
1097 140
1385 140
1709 140
1745 140
2105 140
2141 140
2249 140
2465 140
1 144
4 144
25 144
29 144
36 144
49 144
50 144
52 144
58 144
61 144
98 144
101 144
113 144
116 144
148 144
169 144
193 144
196 144
202 144
221 144
242 144
245 144
257 144
277 144
340 144
346 144
365 144
386 144
389 144
401 144
410 144
421 144
441 144
452 144
466 144
484 144
490 144
522 144
533 144
554 144
578 144
596 144
610 144
617 144
634 144
641 144
676 144
698 144
778 144
785 144
809 144
820 144
842 144
914 144
949 144
970 144
980 144
1037 144
1082 144
1089 144
1090 144
1093 144
1114 144
1117 144
1124 144
1156 144
1170 144
1225 144
1226 144
1234 144
1237 144
1268 144
1277 144
1285 144
1332 144
1348 144
1369 144
1378 144
1421 144
1429 144
1453 144
1481 144
1513 144
1522 144
1565 144
1597 144
1618 144
1684 144
1709 144
1721 144
1754 144
1796 144
1828 144
1849 144
1865 144
1898 144
1940 144
1972 144
1985 144
2069 144
2113 144
2116 144
2129 144
2213 144
2237 144
2257 144
2260 144
2381 144
2401 144
2404 144
2468 144
2545 144
2557 144
2689 144
37 148
505 148
685 148
793 148
1009 148
1369 148
1549 148
1765 148
1801 148
29 152
137 152
245 152
353 152
362 152
425 152
605 152
1109 152
1433 152
1514 152
1802 152
1874 152
1901 152
2441 152
13 156
37 156
65 156
109 156
137 156
149 156
169 156
221 156
233 156
305 156
325 156
373 156
389 156
481 156
485 156
529 156
541 156
569 156
637 156
697 156
793 156
949 156
1069 156
1157 156
1225 156
1297 156
1313 156
1381 156
1465 156
1493 156
1537 156
1621 156
1649 156
1777 156
1885 156
1933 156
1973 156
1997 156
2041 156
2081 156
2125 156
2153 156
2221 156
2237 156
2501 156
2521 156
2657 156
2677 156
2833 156
2989 156
13 160
40 160
85 160
121 160
157 160
265 160
292 160
328 160
490 160
562 160
580 160
634 160
769 160
985 160
1210 160
1300 160
1444 160
1480 160
1525 160
1741 160
1777 160
1993 160
2290 160
2344 160
41 164
113 164
545 164
689 164
797 164
1517 164
2957 164
1 168
17 168
25 168
26 168
29 168
34 168
37 168
50 168
53 168
58 168
61 168
73 168
74 168
89 168
97 168
106 168
113 168
121 168
122 168
125 168
130 168
146 168
149 168
157 168
169 168
185 168
193 168
194 168
205 168
218 168
226 168
229 168
242 168
257 168
265 168
281 168
289 168
290 168
293 168
298 168
314 168
325 168
337 168
353 168
361 168
386 168
394 168
397 168
410 168
425 168
433 168
457 168
458 168
466 168
482 168
493 168
509 168
521 168
529 168
554 168
562 168
565 168
578 168
586 168
605 168
625 168
634 168
641 168
650 168
689 168
697 168
722 168
730 168
733 168
746 168
757 168
773 168
793 168
809 168
818 168
850 168
865 168
881 168
898 168
901 168
914 168
925 168
941 168
949 168
977 168
985 168
986 168
1018 168
1042 168
1049 168
1069 168
1082 168
1093 168
1109 168
1117 168
1153 168
1186 168
1202 168
1210 168
1213 168
1217 168
1249 168
1250 168
1261 168
1277 168
1301 168
1321 168
1345 168
1346 168
1354 168
1370 168
1378 168
1381 168
1385 168
1417 168
1433 168
1445 168
1469 168
1489 168
1514 168
1522 168
1525 168
1538 168
1546 168
1549 168
1553 168
1565 168
1585 168
1601 168
1609 168
1613 168
1637 168
1657 168
1690 168
1706 168
1709 168
1714 168
1717 168
1721 168
1730 168
1733 168
1745 168
1753 168
1769 168
1802 168
1805 168
1873 168
1877 168
1882 168
1885 168
1889 168
1898 168
1921 168
1937 168
1954 168
1961 168
1970 168
1973 168
1997 168
2005 168
2053 168
2066 168
2105 168
2129 168
2138 168
2141 168
2165 168
2173 168
2234 168
2258 168
2297 168
2333 168
2357 168
2402 168
2570 168
2621 168
2789 168
2965 168
97 172
421 172
637 172
673 172
1033 172
1429 172
2473 172
89 176
98 176
197 176
233 176
260 176
305 176
314 176
386 176
449 176
521 176
530 176
548 176
701 176
746 176
953 176
962 176
980 176
1268 176
1394 176
1412 176
1421 176
1556 176
1637 176
1682 176
1844 176
1853 176
1997 176
2501 176
2690 176
5 180
45 180
65 180
89 180
101 180
145 180
185 180
245 180
313 180
369 180
397 180
425 180
481 180
493 180
521 180
565 180
577 180
605 180
653 180
661 180
701 180
745 180
829 180
833 180
845 180
881 180
929 180
1013 180
1025 180
1061 180
1069 180
1193 180
1225 180
1241 180
1405 180
1421 180
1445 180
1489 180
1517 180
1573 180
1585 180
1665 180
1669 180
1681 180
1685 180
1697 180
1753 180
1813 180
1861 180
1877 180
1937 180
2057 180
2105 180
2117 180
2237 180
2245 180
2285 180
2425 180
2465 180
2645 180
73 184
109 184
514 184
541 184
730 184
802 184
865 184
1261 184
1369 184
1621 184
1666 184
2053 184
2125 184
2557 184
677 188
929 188
1037 188
1181 188
1685 188
1937 188
4 192
8 192
10 192
16 192
20 192
41 192
52 192
65 192
80 192
97 192
98 192
104 192
136 192
146 192
157 192
164 192
181 192
185 192
196 192
200 192
202 192
208 192
212 192
257 192
269 192
272 192
290 192
328 192
346 192
349 192
356 192
377 192
388 192
392 192
400 192
404 192
445 192
449 192
461 192
482 192
493 192
500 192
514 192
538 192
577 192
580 192
584 192
592 192
626 192
637 192
641 192
653 192
685 192
692 192
698 192
724 192
745 192
769 192
776 192
784 192
808 192
818 192
829 192
833 192
841 192
845 192
857 192
890 192
916 192
962 192
976 192
997 192
1000 192
1021 192
1028 192
1033 192
1037 192
1060 192
1082 192
1105 192
1109 192
1130 192
1154 192
1168 192
1186 192
1192 192
1225 192
1229 192
1237 192
1252 192
1274 192
1301 192
1361 192
1378 192
1384 192
1396 192
1424 192
1429 192
1466 192
1490 192
1522 192
1576 192
1616 192
1621 192
1658 192
1669 192
1682 192
1697 192
1714 192
1732 192
1753 192
1768 192
1781 192
1802 192
1813 192
1825 192
1844 192
1865 192
1874 192
1889 192
1924 192
1928 192
1973 192
1994 192
2017 192
2057 192
2066 192
2117 192
2120 192
2209 192
2225 192
2258 192
2309 192
2320 192
2362 192
2417 192
2450 192
3233 192
49 196
157 196
265 196
373 196
409 196
625 196
661 196
733 196
841 196
949 196
985 196
1021 196
1129 196
1165 196
1453 196
1813 196
1921 196
41 200
50 200
365 200
410 200
554 200
725 200
914 200
1013 200
1058 200
1373 200
1418 200
1625 200
1805 200
1850 200
17 204
25 204
41 204
85 204
113 204
121 204
149 204
197 204
221 204
245 204
289 204
337 204
365 204
401 204
421 204
425 204
569 204
605 204
617 204
629 204
701 204
757 204
793 204
809 204
821 204
833 204
905 204
953 204
961 204
997 204
1009 204
1037 204
1073 204
1157 204
1201 204
1213 204
1241 204
1289 204
1381 204
1405 204
1493 204
1513 204
1585 204
1601 204
1609 204
1717 204
1745 204
1789 204
1805 204
1933 204
1993 204
2009 204
2173 204
2213 204
2417 204
2465 204
2669 204
52 208
196 208
241 208
313 208
493 208
601 208
637 208
754 208
1042 208
1186 208
1348 208
1573 208
1690 208
1762 208
1924 208
2401 208
17 212
53 212
557 212
809 212
1241 212
1313 212
1961 212
1997 212
9 216
13 216
18 216
26 216
58 216
61 216
90 216
97 216
98 216
117 216
145 216
146 216
153 216
173 216
185 216
194 216
205 216
225 216
229 216
234 216
274 216
293 216
306 216
361 216
362 216
369 216
370 216
377 216
410 216
421 216
425 216
441 216
450 216
482 216
490 216
509 216
538 216
545 216
586 216
626 216
629 216
657 216
666 216
706 216
733 216
754 216
761 216
802 216
842 216
845 216
873 216
882 216
909 216
937 216
949 216
1018 216
1021 216
1058 216
1098 216
1125 216
1153 216
1154 216
1165 216
1205 216
1217 216
1234 216
1274 216
1301 216
1314 216
1322 216
1341 216
1370 216
1381 216
1421 216
1433 216
1450 216
1469 216
1517 216
1538 216
1557 216
1573 216
1586 216
1602 216
1609 216
1637 216
1657 216
1685 216
1714 216
1733 216
1825 216
1945 216
1949 216
2009 216
2042 216
2161 216
2165 216
2169 216
2378 216
1 220
325 220
433 220
541 220
685 220
1189 220
1225 220
1585 220
1765 220
1945 220
2089 220
2305 220
2 224
20 224
74 224
101 224
137 224
200 224
218 224
290 224
353 224
452 224
488 224
533 224
569 224
596 224
641 224
866 224
884 224
929 224
965 224
1010 224
1028 224
1325 224
1586 224
1640 224
1658 224
1730 224
1937 224
2153 224
49 228
85 228
109 228
137 228
149 228
181 228
197 228
277 228
313 228
337 228
365 228
377 228
389 228
409 228
505 228
541 228
557 228
605 228
613 228
637 228
697 228
701 228
725 228
769 228
785 228
833 228
841 228
865 228
953 228
965 228
1009 228
1033 228
1061 228
1093 228
1097 228
1117 228
1193 228
1201 228
1261 228
1325 228
1345 228
1369 228
1421 228
1429 228
1481 228
1489 228
1553 228
1597 228
1649 228
1709 228
1781 228
1789 228
1877 228
1985 228
2017 228
2213 228
2293 228
2549 228
13 232
58 232
346 232
490 232
625 232
841 232
877 232
1741 232
1849 232
1885 232
2146 232
2290 232
257 236
401 236
509 236
1193 236
1301 236
2 240
4 240
5 240
10 240
20 240
25 240
49 240
53 240
58 240
65 240
98 240
100 240
113 240
130 240
137 240
157 240
170 240
196 240
205 240
212 240
221 240
242 240
245 240
250 240
260 240
265 240
289 240
298 240
317 240
340 240
353 240
410 240
436 240
445 240
452 240
461 240
485 240
490 240
500 240
505 240
529 240
548 240
557 240
562 240
593 240
625 240
676 240
709 240
725 240
730 240
740 240
746 240
802 240
865 240
898 240
905 240
970 240
980 240
1010 240
1129 240
1138 240
1145 240
1213 240
1220 240
1250 240
1274 240
1285 240
1297 240
1325 240
1369 240
1402 240
1418 240
1444 240
1460 240
1490 240
1514 240
1549 240
1556 240
1565 240
1573 240
1637 240
1666 240
1684 240
1730 240
1745 240
1780 240
1789 240
1796 240
1873 240
1877 240
1901 240
1906 240
1913 240
1970 240
2020 240
2029 240
2069 240
2117 240
2165 240
2210 240
2269 240
2305 240
2405 240
2410 240
2509 240
2545 240
61 244
637 244
1033 244
1069 244
1825 244
1861 244
2257 244
233 248
242 248
314 248
386 248
458 248
629 248
674 248
881 248
962 248
1322 248
1466 248
1565 248
1997 248
5 252
17 252
29 252
41 252
53 252
65 252
97 252
101 252
109 252
121 252
149 252
173 252
181 252
193 252
197 252
205 252
225 252
229 252
241 252
269 252
281 252
293 252
305 252
317 252
353 252
361 252
373 252
401 252
425 252
445 252
457 252
481 252
505 252
545 252
549 252
557 252
605 252
613 252
677 252
689 252
709 252
725 252
733 252
757 252
797 252
841 252
857 252
865 252
929 252
941 252
965 252
977 252
985 252
1009 252
1033 252
1049 252
1109 252
1117 252
1165 252
1217 252
1229 252
1237 252
1241 252
1261 252
1285 252
1297 252
1301 252
1369 252
1373 252
1385 252
1417 252
1469 252
1493 252
1513 252
1525 252
1537 252
1549 252
1553 252
1601 252
1625 252
1637 252
1649 252
1669 252
1777 252
1801 252
1805 252
1845 252
1853 252
1877 252
1889 252
1921 252
2173 252
2221 252
2273 252
64 256
136 256
298 256
361 256
370 256
397 256
424 256
442 256
577 256
784 256
820 256
928 256
1117 256
1225 256
1252 256
1261 256
1450 256
1576 256
1666 256
1936 256
2341 256
29 260
65 260
245 260
281 260
533 260
1685 260
2009 260
2081 260
2405 260
5 264
10 264
17 264
26 264
41 264
49 264
73 264
89 264
98 264
109 264
145 264
157 264
169 264
178 264
194 264
218 264
226 264
229 264
241 264
245 264
250 264
257 264
269 264
290 264
305 264
313 264
353 264
362 264
373 264
397 264
409 264
425 264
433 264
458 264
482 264
490 264
493 264
509 264
514 264
530 264
569 264
586 264
626 264
637 264
661 264
677 264
689 264
697 264
698 264
733 264
746 264
754 264
757 264
794 264
833 264
845 264
850 264
866 264
941 264
953 264
961 264
962 264
985 264
997 264
1010 264
1018 264
1090 264
1097 264
1109 264
1130 264
1138 264
1153 264
1157 264
1181 264
1202 264
1217 264
1225 264
1249 264
1274 264
1321 264
1345 264
1354 264
1361 264
1394 264
1402 264
1417 264
1421 264
1445 264
1466 264
1489 264
1538 264
1594 264
1601 264
1609 264
1613 264
1685 264
1690 264
1706 264
1753 264
1805 264
1873 264
1949 264
1970 264
1993 264
2069 264
2173 264
2285 264
2378 264
2642 264
121 268
877 268
1201 268
1453 268
1669 268
1885 268
5 272
41 272
68 272
194 272
257 272
356 272
365 272
797 272
833 272
986 272
1193 272
1220 272
1301 272
1490 272
1517 272
2057 272
2210 272
5 276
13 276
49 276
101 276
121 276
125 276
157 276
181 276
269 276
281 276
325 276
377 276
409 276
433 276
545 276
577 276
605 276
661 276
685 276
709 276
745 276
773 276
829 276
881 276
937 276
941 276
985 276
1021 276
1049 276
1105 276
1145 276
1189 276
1297 276
1421 276
1445 276
1573 276
1697 276
1721 276
1733 276
1781 276
1865 276
1921 276
1973 276
2005 276
2057 276
2197 276
25 280
97 280
169 280
250 280
313 280
349 280
394 280
529 280
538 280
565 280
610 280
745 280
961 280
1105 280
1186 280
1213 280
1258 280
1285 280
1429 280
1618 280
1906 280
2050 280
89 284
449 284
557 284
953 284
1061 284
1205 284
1853 284
1 288
2 288
8 288
37 288
50 288
58 288
61 288
65 288
72 288
85 288
98 288
100 288
104 288
116 288
122 288
153 288
169 288
196 288
202 288
226 288
232 288
233 288
281 288
296 288
338 288
365 288
373 288
386 288
392 288
404 288
421 288
442 288
457 288
477 288
484 288
490 288
514 288
541 288
554 288
569 288
617 288
653 288
661 288
673 288
680 288
692 288
709 288
730 288
772 288
778 288
785 288
802 288
820 288
842 288
857 288
877 288
882 288
904 288
905 288
932 288
937 288
961 288
968 288
980 288
1009 288
1044 288
1066 288
1073 288
1108 288
1145 288
1156 288
1192 288
1205 288
1220 288
1225 288
1234 288
1249 288
1268 288
1282 288
1352 288
1396 288
1409 288
1429 288
1493 288
1513 288
1537 288
1618 288
1640 288
1684 288
1825 288
1828 288
1898 288
2113 288
2129 288
2213 288
2501 288
73 292
325 292
541 292
937 292
65 296
74 296
137 296
389 296
533 296
821 296
1010 296
1073 296
1370 296
1586 296
2018 296
5 300
25 300
37 300
61 300
97 300
125 300
229 300
245 300
265 300
325 300
337 300
397 300
425 300
509 300
545 300
565 300
625 300
685 300
809 300
845 300
853 300
881 300
925 300
1013 300
1021 300
1109 300
1153 300
1181 300
1189 300
1225 300
1321 300
1409 300
1489 300
1525 300
1697 300
1789 300
1805 300
1825 300
1945 300
2105 300
2225 300
2245 300
2525 300
58 304
157 304
274 304
490 304
706 304
724 304
769 304
850 304
1021 304
1210 304
1381 304
1417 304
1597 304
1777 304
1813 304
113 308
149 308
185 308
257 308
293 308
365 308
689 308
761 308
797 308
941 308
1013 308
1157 308
1373 308
1553 308
1697 308
1733 308
1913 308
2237 308
1 312
13 312
26 312
49 312
74 312
130 312
137 312
169 312
173 312
218 312
221 312
274 312
298 312
305 312
325 312
338 312
361 312
389 312
442 312
445 312
449 312
466 312
485 312
529 312
533 312
610 312
613 312
617 312
637 312
650 312
673 312
701 312
746 312
757 312
761 312
778 312
797 312
841 312
925 312
949 312
962 312
970 312
977 312
1058 312
1061 312
1082 312
1093 312
1109 312
1138 312
1153 312
1225 312
1261 312
1274 312
1313 312
1373 312
1394 312
1421 312
1537 312
1586 312
1625 312
1937 312
2209 312
169 316
457 316
709 316
745 316
1429 316
1573 316
17 320
26 320
80 320
89 320
170 320
242 320
314 320
530 320
584 320
656 320
773 320
980 320
1025 320
1097 320
1124 320
1160 320
1268 320
1421 320
1565 320
1709 320
1853 320
1970 320
2420 320
9 324
25 324
49 324
81 324
117 324
121 324
125 324
137 324
185 324
261 324
277 324
289 324
305 324
313 324
317 324
333 324
373 324
401 324
441 324
445 324
449 324
509 324
577 324
637 324
641 324
653 324
697 324
765 324
773 324
833 324
841 324
877 324
901 324
961 324
977 324
1017 324
1037 324
1089 324
1097 324
1225 324
1285 324
1297 324
1301 324
1313 324
1325 324
1361 324
1369 324
1409 324
1521 324
1549 324
1693 324
1733 324
1985 324
2153 324
82 328
226 328
397 328
433 328
685 328
901 328
1090 328
1189 328
1378 328
1549 328
1594 328
101 332
245 332
425 332
965 332
1073 332
1361 332
2657 332
1 336
2 336
17 336
25 336
29 336
34 336
50 336
52 336
58 336
61 336
68 336
74 336
85 336
89 336
100 336
106 336
116 336
121 336
122 336
146 336
148 336
149 336
173 336
178 336
193 336
194 336
205 336
212 336
226 336
229 336
242 336
244 336
250 336
260 336
269 336
277 336
281 336
292 336
293 336
298 336
305 336
314 336
337 336
338 336
353 336
365 336
370 336
386 336
388 336
397 336
410 336
421 336
425 336
436 336
452 336
457 336
458 336
484 336
509 336
514 336
529 336
530 336
541 336
545 336
562 336
578 336
580 336
586 336
596 336
605 336
617 336
628 336
629 336
641 336
650 336
673 336
674 336
701 336
706 336
722 336
761 336
772 336
773 336
788 336
793 336
794 336
820 336
850 336
853 336
865 336
866 336
877 336
881 336
914 336
916 336
925 336
932 336
941 336
953 336
964 336
965 336
985 336
986 336
1009 336
1018 336
1037 336
1042 336
1049 336
1058 336
1073 336
1097 336
1108 336
1124 336
1129 336
1130 336
1156 336
1172 336
1189 336
1201 336
1210 336
1213 336
1217 336
1249 336
1250 336
1261 336
1268 336
1277 336
1282 336
1289 336
1300 336
1301 336
1321 336
1345 336
1381 336
1394 336
1433 336
1444 336
1465 336
1466 336
1469 336
1492 336
1546 336
1553 336
1585 336
1586 336
1597 336
1613 336
1625 336
1636 336
1681 336
1730 336
1733 336
1801 336
1889 336
1898 336
1921 336
1949 336
1961 336
1997 336
2234 336
2404 336
49 340
85 340
193 340
445 340
697 340
1381 340
1525 340
1669 340
113 344
194 344
293 344
401 344
617 344
653 344
842 344
977 344
1274 344
1373 344
1409 344
2129 344
29 348
61 348
73 348
101 348
145 348
157 348
181 348
245 348
257 348
325 348
377 348
409 348
421 348
493 348
509 348
529 348
593 348
605 348
677 348
689 348
725 348
769 348
857 348
877 348
901 348
941 348
997 348
1013 348
1025 348
1073 348
1117 348
1165 348
1205 348
1421 348
1433 348
1601 348
1613 348
1657 348
1741 348
1769 348
1949 348
2609 348
2957 348
178 352
196 352
205 352
394 352
466 352
520 352
529 352
601 352
610 352
628 352
709 352
772 352
898 352
1033 352
1042 352
1060 352
1069 352
1096 352
1285 352
1402 352
1492 352
2824 352
89 356
377 356
629 356
845 356
10 360
13 360
49 360
73 360
90 360
125 360
130 360
145 360
178 360
181 360
202 360
241 360
245 360
290 360
293 360
349 360
370 360
373 360
409 360
433 360
490 360
493 360
505 360
521 360
569 360
577 360
601 360
605 360
626 360
657 360
689 360
701 360
733 360
738 360
769 360
794 360
797 360
833 360
850 360
853 360
865 360
937 360
961 360
962 360
965 360
986 360
1025 360
1042 360
1061 360
1093 360
1130 360
1154 360
1157 360
1165 360
1193 360
1210 360
1225 360
1305 360
1306 360
1322 360
1361 360
1385 360
1402 360
1421 360
1445 360
1490 360
1517 360
1525 360
1553 360
1585 360
1669 360
1690 360
1721 360
1745 360
1762 360
1858 360
1861 360
2029 360
2050 360
2285 360
2450 360
2810 360
3170 360
37 364
145 364
289 364
325 364
397 364
685 364
793 364
829 364
937 364
137 368
146 368
218 368
317 368
389 368
641 368
785 368
1028 368
1037 368
1082 368
1730 368
1 372
29 372
49 372
85 372
109 372
113 372
121 372
197 372
205 372
265 372
289 372
317 372
373 372
401 372
449 372
457 372
485 372
505 372
569 372
625 372
637 372
821 372
953 372
1037 372
1109 372
1325 372
1409 372
1481 372
1697 372
1853 372
1877 372
1961 372
2069 372
481 376
661 376
1093 376
1858 376
149 380
221 380
293 380
905 380
1409 380
8 384
16 384
20 384
32 384
40 384
61 384
65 384
73 384
82 384
104 384
130 384
160 384
173 384
194 384
196 384
208 384
229 384
269 384
272 384
292 384
314 384
328 384
362 384
370 384
392 384
400 384
404 384
416 384
424 384
449 384
457 384
461 384
514 384
538 384
544 384
545 384
580 384
593 384
601 384
637 384
656 384
692 384
698 384
712 384
754 384
769 384
776 384
784 384
797 384
800 384
808 384
841 384
845 384
853 384
857 384
890 384
898 384
901 384
922 384
929 384
964 384
985 384
986 384
1000 384
1021 384
1028 384
1076 384
1097 384
1153 384
1154 384
1160 384
1168 384
1184 384
1241 384
1252 384
1274 384
1306 384
1370 384
1384 384
1405 384
1429 384
1448 384
1469 384
1490 384
1538 384
1552 384
1625 384
1682 384
1714 384
1924 384
2120 384
2309 384
97 388
457 388
853 388
997 388
17 392
98 392
233 392
305 392
314 392
449 392
530 392
557 392
593 392
629 392
746 392
773 392
818 392
953 392
1322 392
1421 392
1637 392
1 396
29 396
37 396
53 396
109 396
113 396
137 396
221 396
229 396
241 396
277 396
281 396
305 396
337 396
361 396
365 396
425 396
433 396
505 396
529 396
533 396
585 396
613 396
625 396
637 396
673 396
697 396
701 396
757 396
809 396
821 396
925 396
949 396
977 396
1009 396
1021 396
1093 396
1201 396
1205 396
1217 396
1233 396
1289 396
1313 396
1345 396
1373 396
1405 396
1537 396
1597 396
1601 396
1649 396
1709 396
2041 396
2437 396
1 400
82 400
100 400
289 400
541 400
613 400
730 400
820 400
1225 400
1405 400
1450 400
1585 400
101 404
173 404
425 404
857 404
1613 404
1685 404
17 408
25 408
34 408
37 408
50 408
82 408
121 408
137 408
149 408
170 408
193 408
221 408
226 408
242 408
245 408
289 408
298 408
377 408
394 408
425 408
442 408
490 408
529 408
578 408
653 408
674 408
697 408
709 408
730 408
785 408
793 408
802 408
833 408
842 408
850 408
1061 408
1073 408
1117 408
1138 408
1157 408
1193 408
1201 408
1210 408
1213 408
1234 408
1241 408
1258 408
1325 408
1586 408
1601 408
1618 408
1649 408
1666 408
1733 408
1994 408
2074 408
49 412
229 412
1021 412
1237 412
104 416
185 416
221 416
392 416
482 416
626 416
689 416
986 416
1202 416
1274 416
1 420
37 420
41 420
61 420
65 420
85 420
101 420
109 420
121 420
125 420
145 420
173 420
185 420
193 420
221 420
233 420
257 420
265 420
305 420
313 420
325 420
349 420
365 420
377 420
389 420
409 420
457 420
461 420
481 420
485 420
529 420
541 420
545 420
565 420
593 420
605 420
613 420
629 420
653 420
673 420
677 420
725 420
745 420
785 420
797 420
829 420
877 420
881 420
901 420
965 420
985 420
1009 420
1013 420
1025 420
1097 420
1145 420
1165 420
1205 420
1217 420
1249 420
1289 420
1297 420
1429 420
1445 420
1465 420
1553 420
1585 420
1625 420
1849 420
1973 420
2045 420
2465 420
25 424
34 424
106 424
277 424
529 424
997 424
1114 424
1537 424
233 428
449 428
1313 428
1493 428
1745 428
9 432
17 432
18 432
26 432
36 432
45 432
52 432
73 432
116 432
117 432
122 432
173 432
180 432
185 432
194 432
196 432
234 432
290 432
292 432
306 432
325 432
346 432
353 432
361 432
369 432
370 432
388 432
397 432
410 432
425 432
441 432
450 432
458 432
468 432
477 432
509 432
548 432
565 432
586 432
605 432
612 432
722 432
724 432
738 432
740 432
754 432
773 432
793 432
801 432
820 432
829 432
842 432
850 432
873 432
882 432
900 432
941 432
949 432
964 432
997 432
1013 432
1018 432
1125 432
1172 432
1249 432
1252 432
1258 432
1261 432
1301 432
1305 432
1314 432
1332 432
1381 432
1557 432
1684 432
1697 432
1733 432
109 436
361 436
505 436
541 436
865 436
1117 436
1621 436
1873 436
2 440
101 440
173 440
245 440
461 440
650 440
677 440
785 440
866 440
965 440
1082 440
1181 440
1370 440
1865 440
2405 440
13 444
37 444
49 444
89 444
97 444
185 444
241 444
265 444
349 444
353 444
389 444
433 444
481 444
493 444
521 444
533 444
605 444
629 444
661 444
833 444
881 444
925 444
965 444
1025 444
1049 444
1109 444
1193 444
1249 444
1369 444
1409 444
1693 444
1813 444
1949 444
4 448
40 448
85 448
121 448
148 448
193 448
202 448
274 448
337 448
400 448
436 448
481 448
580 448
706 448
769 448
877 448
904 448
1138 448
1165 448
1192 448
1201 448
1282 448
1489 448
1732 448
5 452
113 452
617 452
1301 452
37 456
49 456
53 456
65 456
98 456
113 456
121 456
149 456
170 456
181 456
185 456
205 456
218 456
233 456
245 456
274 456
289 456
298 456
313 456
317 456
362 456
373 456
394 456
401 456
505 456
509 456
554 456
569 456
577 456
626 456
641 456
674 456
701 456
730 456
754 456
757 456
769 456
773 456
785 456
818 456
841 456
961 456
965 456
1009 456
1010 456
1037 456
1082 456
1114 456
1225 456
1226 456
1297 456
1394 456
1538 456
1570 456
1681 456
1765 456
1813 456
2137 456
169 460
313 460
493 460
637 460
1285 460
1609 460
26 464
116 464
305 464
485 464
692 464
980 464
1277 464
13 468
17 468
41 468
61 468
89 468
117 468
169 468
265 468
289 468
293 468
365 468
377 468
409 468
441 468
481 468
485 468
509 468
529 468
545 468
601 468
637 468
677 468
685 468
733 468
761 468
833 468
853 468
877 468
937 468
953 468
1013 468
1069 468
1105 468
1117 468
1153 468
1421 468
1469 468
1573 468
1585 468
1741 468
1937 468
73 472
181 472
361 472
514 472
577 472
802 472
1018 472
137 476
353 476
425 476
677 476
785 476
821 476
1037 476
1073 476
1217 476
4 480
8 480
10 480
20 480
25 480
40 480
50 480
53 480
98 480
106 480
116 480
130 480
196 480
197 480
200 480
226 480
245 480
260 480
274 480
277 480
314 480
340 480
361 480
365 480
392 480
410 480
421 480
424 480
442 480
461 480
484 480
490 480
500 480
505 480
520 480
530 480
557 480
578 480
596 480
613 480
634 480
677 480
680 480
706 480
725 480
757 480
820 480
865 480
872 480
890 480
904 480
922 480
941 480
953 480
970 480
980 480
1000 480
1010 480
1037 480
1069 480
1096 480
1124 480
1157 480
1205 480
1250 480
1261 480
1285 480
1345 480
1352 480
1373 480
1421 480
1450 480
1460 480
1480 480
1549 480
1565 480
1604 480
1637 480
1810 480
1960 480
2045 480
2405 480
121 484
337 484
373 484
661 484
877 484
1525 484
1849 484
122 488
257 488
1193 488
1229 488
37 492
41 492
49 492
121 492
145 492
205 492
241 492
277 492
305 492
337 492
389 492
533 492
541 492
613 492
637 492
653 492
697 492
733 492
821 492
877 492
929 492
961 492
1025 492
1157 492
1313 492
1481 492
1493 492
1517 492
1649 492
2197 492
25 496
61 496
97 496
313 496
466 496
484 496
565 496
628 496
772 496
916 496
1258 496
125 500
377 500
1025 500
1 504
10 504
25 504
34 504
41 504
45 504
53 504
58 504
82 504
89 504
97 504
101 504
106 504
109 504
130 504
137 504
157 504
181 504
194 504
197 504
202 504
205 504
218 504
221 504
229 504
241 504
242 504
269 504
289 504
293 504
298 504
337 504
346 504
361 504
362 504
373 504
377 504
386 504
394 504
401 504
410 504
421 504
425 504
450 504
458 504
461 504
482 504
505 504
529 504
538 504
545 504
562 504
593 504
605 504
610 504
634 504
641 504
661 504
685 504
709 504
722 504
725 504
733 504
746 504
773 504
793 504
797 504
850 504
881 504
890 504
914 504
925 504
1009 504
1010 504
1017 504
1033 504
1098 504
1109 504
1114 504
1145 504
1165 504
1189 504
1213 504
1226 504
1277 504
1354 504
1378 504
1418 504
1429 504
1513 504
1514 504
1769 504
1781 504
1853 504
1858 504
2066 504
2313 504
2333 504
325 508
65 512
128 512
272 512
353 512
596 512
722 512
740 512
794 512
848 512
1073 512
1154 512
5 516
17 516
61 516
173 516
185 516
193 516
229 516
313 516
337 516
461 516
481 516
493 516
533 516
593 516
677 516
745 516
929 516
1097 516
1237 516
1573 516
2089 516
49 520
58 520
130 520
490 520
562 520
697 520
949 520
1381 520
1885 520
41 524
509 524
1049 524
1877 524
10 528
13 528
17 528
20 528
34 528
41 528
52 528
82 528
97 528
98 528
101 528
109 528
125 528
146 528
157 528
169 528
178 528
181 528
196 528
218 528
229 528
241 528
265 528
269 528
290 528
305 528
314 528
338 528
353 528
356 528
388 528
409 528
433 528
436 528
452 528
458 528
482 528
500 528
514 528
538 528
545 528
580 528
626 528
629 528
637 528
689 528
697 528
724 528
794 528
818 528
857 528
881 528
937 528
964 528
980 528
997 528
1028 528
1073 528
1172 528
1193 528
1252 528
1322 528
1345 528
1445 528
1466 528
1525 528
1873 528
2053 528
2069 528
2306 528
2401 528
2597 528
25 532
169 532
277 532
349 532
493 532
565 532
673 532
709 532
1105 532
1429 532
242 536
449 536
557 536
701 536
9 540
37 540
45 540
65 540
113 540
121 540
145 540
149 540
169 540
225 540
233 540
245 540
281 540
365 540
389 540
441 540
485 540
533 540
585 540
617 540
653 540
673 540
685 540
765 540
1025 540
1073 540
1125 540
1205 540
1233 540
1345 540
1513 540
1565 540
1665 540
10 544
82 544
136 544
289 544
388 544
514 544
712 544
730 544
901 544
137 548
245 548
317 548
641 548
10 552
13 552
26 552
41 552
61 552
85 552
89 552
98 552
121 552
125 552
145 552
193 552
202 552
242 552
250 552
257 552
314 552
349 552
362 552
389 552
461 552
481 552
538 552
562 552
593 552
629 552
637 552
677 552
761 552
769 552
818 552
866 552
901 552
937 552
1021 552
1090 552
1154 552
1321 552
1370 552
1418 552
1489 552
13 556
661 556
733 556
1921 556
5 560
50 560
185 560
194 560
293 560
338 560
500 560
545 560
626 560
698 560
725 560
1058 560
1130 560
1220 560
1490 560
1 564
29 564
53 564
73 564
97 564
121 564
169 564
245 564
293 564
337 564
365 564
389 564
421 564
445 564
529 564
617 564
641 564
685 564
733 564
865 564
929 564
1009 564
1205 564
1249 564
178 568
853 568
1285 568
89 572
269 572
521 572
845 572
1241 572
2 576
4 576
16 576
37 576
49 576
53 576
74 576
85 576
97 576
100 576
116 576
122 576
130 576
144 576
170 576
196 576
200 576
208 576
221 576
232 576
244 576
257 576
277 576
306 576
338 576
361 576
392 576
401 576
445 576
452 576
466 576
485 576
529 576
541 576
562 576
569 576
592 576
625 576
653 576
661 576
673 576
676 576
746 576
772 576
784 576
877 576
914 576
961 576
968 576
977 576
1061 576
1108 576
1145 576
1157 576
1201 576
1322 576
73 580
145 580
181 580
865 580
146 584
245 584
353 584
605 584
650 584
5 588
25 588
37 588
41 588
49 588
85 588
113 588
121 588
169 588
197 588
241 588
245 588
293 588
317 588
349 588
373 588
389 588
397 588
433 588
449 588
461 588
481 588
509 588
521 588
577 588
613 588
625 588
637 588
673 588
757 588
829 588
833 588
881 588
929 588
1097 588
1109 588
1261 588
1345 588
1517 588
49 592
130 592
148 592
229 592
274 592
337 592
445 592
1066 592
149 596
365 596
1 600
5 600
10 600
25 600
50 600
74 600
101 600
122 600
145 600
194 600
245 600
250 600
325 600
409 600
425 600
490 600
530 600
605 600
625 600
650 600
674 600
677 600
745 600
761 600
850 600
1025 600
1090 600
1130 600
1189 600
1225 600
1370 600
205 604
457 604
89 608
116 608
125 608
314 608
548 608
557 608
773 608
1205 608
1448 608
17 612
25 612
97 612
149 612
153 612
157 612
221 612
245 612
293 612
493 612
541 612
545 612
601 612
629 612
833 612
857 612
997 612
1 616
145 616
181 616
226 616
298 616
325 616
370 616
397 616
433 616
541 616
586 616
829 616
1261 616
785 620
965 620
1145 620
2 624
13 624
26 624
29 624
49 624
52 624
65 624
98 624
137 624
148 624
169 624
173 624
197 624
260 624
274 624
337 624
338 624
346 624
401 624
442 624
529 624
533 624
548 624
596 624
637 624
689 624
722 624
797 624
884 624
898 624
961 624
1093 624
1157 624
1220 624
1313 624
49 628
157 628
338 632
401 632
941 632
5 636
53 636
89 636
149 636
197 636
245 636
265 636
397 636
425 636
481 636
601 636
641 636
689 636
797 636
881 636
901 636
1325 636
34 640
52 640
160 640
178 640
241 640
340 640
484 640
745 640
925 640
1312 640
17 644
125 644
233 644
449 644
881 644
1097 644
5 648
18 648
29 648
50 648
85 648
98 648
109 648
113 648
162 648
185 648
193 648
197 648
225 648
242 648
250 648
261 648
274 648
305 648
441 648
457 648
522 648
578 648
610 648
626 648
637 648
802 648
833 648
865 648
898 648
1033 648
1061 648
1105 648
37 652
101 656
164 656
452 656
866 656
1802 656
25 660
49 660
65 660
101 660
109 660
149 660
173 660
193 660
245 660
289 660
317 660
349 660
485 660
493 660
541 660
545 660
565 660
625 660
641 660
653 660
725 660
809 660
821 660
949 660
977 660
1145 660
1205 660
1325 660
13 664
5 668
293 668
1 672
2 672
4 672
37 672
50 672
58 672
68 672
89 672
100 672
101 672
104 672
121 672
122 672
125 672
136 672
137 672
148 672
149 672
178 672
200 672
212 672
232 672
242 672
269 672
277 672
281 672
292 672
296 672
298 672
337 672
356 672
386 672
388 672
389 672
421 672
452 672
457 672
488 672
520 672
541 672
545 672
554 672
562 672
577 672
584 672
596 672
605 672
610 672
617 672
653 672
674 672
676 672
761 672
772 672
773 672
797 672
872 672
925 672
949 672
968 672
1009 672
1028 672
1060 672
1192 672
1234 672
1256 672
1277 672
1544 672
1732 672
1928 672
169 676
637 676
170 680
269 680
485 680
1241 680
5 684
101 684
241 684
257 684
545 684
605 684
689 684
937 684
1229 684
1601 684
145 688
388 688
613 688
1117 688
1684 688
173 692
821 692
929 692
29 696
58 696
122 696
146 696
157 696
181 696
202 696
205 696
245 696
265 696
290 696
377 696
421 696
509 696
521 696
650 696
773 696
842 696
853 696
941 696
986 696
1217 696
157 700
229 700
625 700
1201 700
1345 700
1525 700
365 704
392 704
932 704
1058 704
1 708
157 708
277 708
353 708
397 708
533 708
653 708
841 708
865 708
178 712
997 712
125 716
5 720
20 720
26 720
49 720
109 720
113 720
125 720
145 720
146 720
180 720
229 720
241 720
245 720
250 720
260 720
290 720
305 720
349 720
362 720
404 720
461 720
482 720
490 720
565 720
580 720
746 720
845 720
965 720
1010 720
1042 720
1105 720
1202 720
1285 720
1637 720
1730 720
1825 720
1922 720
73 724
109 724
181 724
757 724
65 728
74 728
290 728
578 728
1 732
29 732
61 732
101 732
193 732
205 732
277 732
305 732
337 732
529 732
689 732
1037 732
1421 732
49 736
85 736
274 736
436 736
634 736
1381 736
2056 736
185 740
1013 740
49 744
98 744
205 744
226 744
242 744
289 744
317 744
325 744
365 744
394 744
641 744
898 744
349 748
565 748
17 752
125 752
1 756
5 756
85 756
109 756
205 756
241 756
257 756
261 756
277 756
401 756
425 756
433 756
481 756
533 756
629 756
761 756
961 756
997 756
1157 756
145 760
586 760
685 760
533 764
16 768
73 768
89 768
113 768
130 768
146 768
229 768
388 768
397 768
458 768
584 768
901 768
929 768
193 772
194 776
509 776
13 780
41 780
61 780
65 780
181 780
185 780
325 780
689 780
841 780
845 780
1217 780
34 784
169 784
53 788
2 792
17 792
65 792
74 792
281 792
317 792
457 792
458 792
485 792
562 792
629 792
701 792
1250 792
2 800
65 800
164 800
200 800
389 800
425 800
785 800
1325 800
245 804
313 804
397 804
401 804
421 804
769 804
49 808
202 808
346 808
221 812
725 812
905 812
17 816
34 816
100 816
221 816
442 816
452 816
697 816
757 816
205 820
565 820
98 824
113 828
149 828
193 828
361 828
485 828
208 832
370 832
442 832
101 836
353 836
677 836
1361 836
2 840
5 840
74 840
85 840
89 840
101 840
125 840
130 840
145 840
169 840
170 840
218 840
257 840
265 840
313 840
346 840
365 840
370 840
449 840
485 840
530 840
605 840
613 840
625 840
698 840
785 840
965 840
1058 840
1153 840
68 848
49 852
245 852
565 852
577 852
929 852
25 856
17 860
13 864
34 864
72 864
73 864
104 864
157 864
244 864
612 864
689 864
709 864
325 868
865 868
218 872
677 872
121 876
149 876
365 876
637 876
4 880
26 888
37 888
74 888
145 888
173 888
178 888
293 888
601 888
629 888
698 888
866 888
53 896
296 896
25 900
197 900
225 900
421 900
725 900
925 900
37 904
353 908
49 912
137 912
149 912
313 912
373 912
788 912
877 912
1061 912
29 924
89 924
101 924
113 924
277 924
305 924
457 924
1013 924
232 928
233 932
26 936
178 936
109 940
17 948
193 952
274 952
40 960
50 960
212 960
260 960
325 960
392 960
485 960
677 960
265 972
449 972
245 980
785 980
25 984
37 984
229 984
389 984
482 984
674 984
1 996
17 996
37 996
541 996
250 1000
20 1008
50 1008
68 1008
109 1008
121 1008
218 1008
317 1008
388 1008
673 1008
772 1008
73 1020
85 1020
49 1024
41 1028
122 1032
674 1032
773 1032
260 1040
149 1044
337 1044
325 1048
40 1056
125 1056
194 1056
196 1056
202 1056
289 1056
392 1056
580 1056
677 1056
776 1056
85 1060
257 1064
245 1068
290 1080
149 1092
337 1092
386 1104
98 1176
197 1176
85 1204
